35033987481
35033840675
35033839194
35033831451
35033828018
35033826231
35033813623
35033811466
35033684536
35033680019
35033672725
35033667083
35033659557
35033657638
35033539283
35033537487
35033532784
35033529309
35033524208
35033519385
35033511269
35033390320
35033388668
35033382694
35033379838
35033370343
35033369075
35033352274
35033229906
35033214854
35033212604
35033202663
35033201143
35033189654
35033179261
35033069082
35033067374
35033063174
35033056097
35033051179
35033041973
35032915687
35032913693
35032905586
35032902186
35032900193
35032898457
35032889156
35032887116
35032843430
35032844132
35032817199
35032814456
35032809276
35032809652
35032805849
35032803272
35032800571
35032799161
35032677270
35032675998
35032672915
35032664731
35032660053
35032651881
35032517279
35032510435
35032508227
35032506963
35032499267
35032497893
35032458626
35032379446
35032376258
35032371150
35032366005
35032364400
35032362758
35032361059
35032357646
35032347613
35032227375
35032225747
35032216367
35032213194
35032208454
35032201563
35032071259
35032069637
35032067824
35032061255
35032059516
35032052179
35032050437
35032048790
35032045120
35031922488
35031920503
35031916444
35031913095
35031908420
35031905281
35031903390
35031894829
35031768918
35031764965
35031762851
35031763258
35031761542
35031759833
35031748480
35031746757
35031671255
35031631601
35031602931
35031520828
35031466189
35031453235
35031443285
35031441708
35031411386
35031398146
35031394980
35031393452
35031389626
35031250610
35031247299
35031236711
35031235113
35031233001
35031231447
35031227648
35031218935
35031217455
35031090268
35031088195
35031076536
35031072874
35031067016
35031061356
35030924277
35030920493
35030910656
35030904829
35030901340
35030897814
35030896066
35030762494
35030760297
35030754527
35030750815
35030744674
35030739255
35030729552
35030595934
35030594098
35030592183
35030583961
35030579338
35030576802
35030574854
35030564775
35030562874
35030462460
35030459208
35030451871
35030446835
35030443234
35030439343
35030437577
35030302754
35030301159
35030296493
35030293232
35030287747
35030282515
35030273416
35030135873
35030134327
35030127791
35030124582
35030122845
35030112556
35030110655
35030000497
35029981639
35029972305
35029863969
35029847073
35029836738
35029834701
35029747682
35029740407
35029738562
35029732623
35029730659
35029728555
35029726636
35029722778
35029713801
